,6,

4666 66666 6666 666 (6666 6666. (66666666666666.) ·
5. 666 666666 66 66666 (6666666666 6666 (6666166666 6666666666 6666 6666666666.
6. Ὀ μή δαρεὶς ἅνθρωπος 66 παιδεύεται.

66666666 (66 666 6666666666 6666666 66 6666666666.

666 66666666 1. 666 66666666 6616666666. (666666 6666666666 6666666666666.)

6. 666 6666666 66666 6666666666, 6666 666666 &eunuc 6666666. (6666666666.)

3. 66 666 6666666666 666 666666 6666666666 (66666 6666 66 666666 66666 ,6666
666666 6666 6666666 6666666666 66666666 6666 ,66666666 6666 6666666 66666

, 6666 (66666 6666666666) ’

4. 6666 6666 66666 66666 6666666666. [666 66666666 66 einen 66666666 66 6666.
6666] (6666666666.)

5. 6666666666 6666666666 666 666666666666666 6666666666 Cygnus exspirans“.

6. 6666666666 666 66666 6666 3666666666 6666 666 6666666666 36666666. (6666

6 6166666666 66666666 666 36666666 6666, 666 666666 .) ’

666 66666666 1. 66 666 666 6666 6666666 66666 66666 ,666666 6666666666 6666666 (66666Ι
6666 666 66666 666666 666666 66 666666 6666666 66666 (666666 66666; „Audacem
fortuna juvat“ unb: 6,,666 ist 666 6666666666 66666666 6666666666) ’

66666666 666 6666666666 666 666 666666 3666. (6666· 666 6666666666 66666
66666666 6666666666 obet: 6666 66666666 66666 666 666 666666 666 6666666
66666666, 6666 6666666666 66666. 616, 6. 3)

3 6666 66666666666666. (Dbett 66666666 666 666666 6666666 66666 6666666666
66666 6666666666.) (6666666666.)

4.· 366666 666 6666666 66( 66666666. (Db ct: 666 6666666666 6666666666 6666; ’
6166 666666 6666 6’6666666 66 666 666666 66666 666 6666666666 666 666166 (6666 ·
666 6666666666.) “

5. 6666666666 6666666666 666 (616666 666 6666666666;’ ω παῖ, τέλοξ μὲν Ζεύς 66
(6666 666 666666 6666666 666666 66 666 666666 666 6666666.)

6. 66666( 666( 6666666666 (6616 (6666 (6666666666.)

66666666 (66 666 6666666666666666 66 666666666666.
666 6666666666 1. 6666666666666666666666666. (6666 66666666 666 6666666666666666 66 66666666.)
6. 666 66666666 66 666 666666 666. (66666 666666 66666 666 6666666666 61666 66666
6666666 66666 ,66666666 6666666666 666 66666.- 66 66666 (66666 6666666666)

3. 666 6666 666 6666666666 66666666. (6666666666.)
- 4. 66 666 6666666666 666 66666666 6666666666 ,
5. 66661666 666 666666666666666 66666666, 6666 ,6666666666 666666. (666666 ,
666666 66666 666 6666 6666666666 666 666 66666666 66666 6666666666)
· 6. 66666 6666666666 6666 666 6666666 666 86666. (6666666666.)
666 mutet: l. 666 666 666 6666 66666 66666 66666666. (mmm-4444 66666666666666666.)

 

