*12-

4. 36 66666 66666666 666666 6666 666 6666666666 6666666666 666666, 666 666 6666666
ist 666 666 6666666666 666 6666666666 66666666 6666666, 666666 666 6666666666 666
&tacte 66666 6666666666, 666 6666 666 666666 66666666 666666 = 225.
b 6666 6666666666666 66 6666666666 &pmcne 6666666 66 666666 66666 6666666666 6666666
66 3666666666.

666 66666 666 66666666εῇ666 6666666 166 6566666666. &fit 666 6666666666 66666 20
666 66666. 6666 6666666666 186 66666666 6666 fo: in 666666 38, 66 6666666666 27, 66616666
666666 32, 66 666666 31, 66 Quarta 16, 66 Quinta 19, in 66666 22. 3666 666666 6666

866666 666 ptimo. 66666666666666 6666. 3666666 666 luta-Suum

66666 grang.

666666 66666.

66666 6666.

666 6 6 6666666.
666666 6666666.
6666666 36666666.
’6666666666 66666666.
6666666 666666.
666666 6666.

6666666666 666666. ,

66666 otto.

6666666 666666.
6666666 666666. ¹
6666666 666666.
666666 6666.
6666666666 6666.

6666666666 6666666.

,6666666666 6666.
666666 666666.
66666 Dent,
6666666 6666666.
66666666 6666666.
66666 6666.
6666666666 6666.
6666666666ηῇ.
6666666 66666.
66666666 6666666.
’6666666 6666666.
666666 66666. ’

ΙΞ6666666666 66666.

6666666666 6666666.

6666666666 6666666.
66666666 66666666.
6666666 666666.
366666666 Duo.

866666 666 Oba-Saum.

66666 666 66666666.
6666666666 666666.
mcum 66 36666666.
6666666 6666666.

6. 666666 6666666.
(66666666 6666666.
66666666 [mnf
666666 36666666.
6666666666 6666666666.
6666666666 666666.
666666 6666.
666666 66666666.
666666 6666666.

6. 6666666 gria.
6666666666 666666.
66666666 66666.
66666666 366666.
66666666 66666.
&mittet-milhem.
6666666 6666.
66666 6666.
666666 66666.

6. 66666 66 6666.

6. 6666666666 66666.
666666 366666.

Ξ6666666ι66666666666 66666 66666666 66666666.

6666 gu
666666 mettid).

ssut 6666666 6666666.

6666666666 6666666).
6666666666 6666666.
&emur 6666666.
66666666 6666666.
66666666 6666666666.
grai 66 6666666.

, &refe 366666.

ὕτ66666666 66666.
666666 36666666.
66666 6666666666.
6666 sambat-
6666666666 6666666.
6666666666 6666.
6666666666 66666666.
666666 6666666666.
6666666 666666.

6. 6666666666 366666.
66666666 6666.

6. 6. 66666 666666.
666666 Duo.

6666666 6666.
6666666 66666666.
6666666 wilhelm(
ὅ66666 66666666.

. 666666666666 6666666.

6. 66666666666666.

666666666666666666666 666666
6666 66666 66

66666666666666 66666.

6. 6666666666 66666. “

66666666 Otto.

ffleftetmeiet 66666666.

66666 66666.

 

