,11-
11111111111111111111111 11111111111111 11111111111111, 1. ῧ1111, 186ος Keil, 1111111111
latini, 1111 111, Fasc. 111. (111111 11. 11111, (1111111111111111111111 1511111111, 111 11111,
2. 11111, 1860 (1111111 1111111 181111, 111111111111111111111111111111111111, 6 11111ς
11111111, 111111111111111 1111111, 131111, 1860. - 11111111111111111111111 1111 1111
111111111111111111111111111 11111 1111111111, 111111111116111111111111, 1. ‘Q
1111111111, 11111111111111 11111111111111111111111111111111, 31111. 1856, 111 111
11111 &eft 111 11111. 1857; 11111111111111, 3111111111111111111111111111111
111111, 11111. 1857; 3111111111 1111 1111111111 (11111111 (1111111, 1111111111), 31111. 1856
111 1857. 1111111111111111111111 1111111111 11 1111111111 61111, 1111111111 1111111
11111 1111111, 1. 111 2. 11111.. 2. 11111.; Elisabeth 111 1111110111, 111 6111111111, 111
ῦ11ς (111111111111111111,1111111111111111, 11111111111111111. 11111111,
11111111 111 1111111 (11111111, 1111111111111111 11111111, 111111111111111111 1111
11111111 11111111111111111 111611111111111,1111111111. 1111 111 11111 1111111111
1111111111 11 Sena: 11111111, 111 11111 111 11111111 11111111 311111 111111, 11111111
111 (1111111111. 111, 2. 11111.; 11111111111111111, 111111111111111111111111, 1. 111..
111 1111111111111111111111 61111, 11111111 111111 1111111111 11 111111111111111111, 1’. ιι.
2. (111111. 1111 11111 Dr. 6111111111 11111 1111111111111111111 111 1111111111 1111
11111111 (1111111111, 1111111111 1111111111. - §Bon 11111111111111 1111111111 111 6111111
1111111111 6111111111111111, 8111. - 1111111111 111111 1111111 11111111111111111,
11.,11., 111111 6111111, (1111111111 111 11111111 (1111111111 111111111111111111,
11. 111 1111111 1111111111111 111111111111111111111111(11111111.

1111111111111111111111111111111111111111111111111111111111111111111
1111 111 11111111111111161111111 11111111.

§oen 1111111111 1111111111111111 11 1111111111111111111 111 11111111 11111111 111 1111111
1111111111 11111111 11111111 111111 611111 11111111111111 1111111111. .

 

