*13—

11 11. 11111111 11111 111 1111111111 1111111111 61. 1111111111111111 11 11111

111 11111111 1111111111 111111 11111 111111111111111111111111, 11111111111111111.

11 1111111111 1111111 111 111111111111111611111111111111111111111 1111111111
1111111111 1111111 1111111111 111 11111111111111111111 1111 1111111 111.

1111. 6111111 1111 1111111111 11111 111 11111111111111111111111111161. 11111111

1 1111111111111111111111111 lv. 11 1111111111 111111 11111 11111111. 1111111111

1111 11 111 11111111, 1111111 11111111 1111 111 1111111111111, 1111111111 11111 1111 111
1 1111 11111111 1111, 11 11111111 1811 11111111111111 11111 1111111111 111 611111 61. 1111
11111 11111111 11111111 1111111 11 111 11111111, 111 61. 11111111 11 31111 111111, 111
’ 26. 11111, 111 1111111111 1111111111111111111111111111111111. 1111111111, 11111161. 1111
11111 11111 1111111111, ,11111111 111 1111111111, 11111111 11111111111” 1111
111 111111111111111111, 111111 11111 111111111111111111111 111.
11 1111111 11111111 1111 1111111111 111 1111111111 1111111 111 11111111111111 61.
11111111 111 1111111 1111111111 111 (111 11111111.
111 22. 11111 111111 111 1111111111 (111111111161. 11111111 111 1111111 11111111
11111 1111111111111111,111111111111111111111111111111111. = · ’

111 1111111111 111 11111111.

111111 1111111111 11 6111111111, 111111.
, 1111111 1111111111 1111111111, 6111111111 11111111.
11111 (11111 1111, Deput. 1111111111 111 111 1111111111.
11111111 11111111 1111111 1111.
1111111111 1111 11111111 1111.
11111 1111111111 11 1111111111.
111111111111111111 11111111.
11111 11111111 1111111111.
1111111111111 11 1111111111
11111 111111 11 1111111. ,
1111ε1111111111ε11111 11111111 111 6111111111 11 1111111.
1111111111 111111 1111, 1111111111111.
11111111 Dr. 1111111.

111 1111111111111.

; Dr. 1111111, 11111111.
61111111, 1111111111.
611111 1., 1111111111.
11111111, 1111111111.
Dr. 1111111111, 11111111111111.
. 61111111, (1111111111111.

 

